3R	835380	895893	circular_RNA/17	1	+	835380	835380	0,0,0	3	111,63,108	0,34105,60405	17	circRNA	CG45784	FBtr0346770	1,2,3	None|3R:895893-947425
3R	1342195	1588538	circular_RNA/37	0	+	1342195	1342195	0,0,0	4	122,520,113,244	0,112376,124950,246099	37	circRNA	CG45784	FBtr0346770	8,9,10,11	3R:1191975-1342195|3R:1588538-1845560
3R	1342195	1861417	circular_RNA/12	0	+	1342195	1342195	0,0,0	6	122,520,113,244,603,224	0,112376,124950,246099,503365,518998	12	circRNA	CG45784	FBtr0346770	8,9,10,11,12,13	3R:1191975-1342195|3R:1861417-1938066
3R	1342195	1961515	circular_RNA/49	0	+	1342195	1342195	0,0,0	8	122,520,113,244,603,224,139,396	0,112376,124950,246099,503365,518998,595871,618924	49	circRNA	CG45784	FBtr0346770	8,9,10,11,12,13,14,15	3R:1191975-1342195|3R:1961515-2136429
3R	1454571	1861417	circular_RNA/4	0	+	1454571	1454571	0,0,0	5	520,113,244,603,224	0,12574,133723,390989,406622	4	circRNA	CG45784	FBtr0346770	9,10,11,12,13	3R:1342317-1454571|3R:1861417-1938066
3R	1588294	1861417	circular_RNA/5	0	+	1588294	1588294	0,0,0	3	244,603,224	0,257266,272899	5	circRNA	CG45784	FBtr0346770	11,12,13	3R:1467258-1588294|3R:1861417-1938066
3R	4093945	4095991	circular_RNA/8	0	+	4093945	4093945	0,0,0	3	129,308,217	0,203,1829	8	circRNA	CG42402	FBtr0336454	4,5,6	3R:4085578-4093945|3R:4095991-4099865
3R	4093945	4100015	circular_RNA/24	0	+	4093945	4093945	0,0,0	4	129,308,217,150	0,203,1829,5920	24	circRNA	CG42402	FBtr0336454	4,5,6,7	3R:4085578-4093945|3R:4100015-4101244
3R	4093945	4102443	circular_RNA/12	0	+	4093945	4093945	0,0,0	8	129,308,217,150,144,306,260,268	0,203,1829,5920,7299,7519,7915,8230	12	circRNA	CG42402	FBtr0336454	4,5,6,7,8,9,10,11	3R:4085578-4093945|3R:4102443-4102499
3R	4101244	4102443	circular_RNA/6	0	+	4101244	4101244	0,0,0	4	144,306,260,268	0,220,616,931	6	circRNA	CG42402	FBtr0336454	8,9,10,11	3R:4100015-4101244|3R:4102443-4102499
