3R	4622508	4628349	circular_RNA/14	0	+	4622508	4622508	0,0,0	4	1116,225,199,444	0,4464,4750,5397	14	circRNA	5-HT2A	FBtr0078854	2,3,4,5	3R:4613350-4622508|3R:4628349-4630128
3R	4626972	4628349	circular_RNA/35	0	+	4626972	4626972	0,0,0	3	225,199,444	0,286,933	35	circRNA	5-HT2A	FBtr0078854	3,4,5	3R:4623624-4626972|3R:4628349-4630128
4	449923	450509	circular_RNA/48	0	+	449923	449923	0,0,0	3	45,75,139	0,318,447	48	circRNA	CaMKI	FBtr0089065	3,4,5	4:447235-449923|4:450509-451189
4	450241	450509	circular_RNA/53	0	+	450241	450241	0,0,0	2	75,139	0,129	53	circRNA	CaMKI	FBtr0089063	3,4	4:447235-450241|4:450509-451189
4	1129434	1130586	circular_RNA/29	0	+	1129434	1129434	0,0,0	4	54,165,159,204	0,131,590,948	29	circRNA	CG11155	FBtr0089194	5,6,7,8	4:1128655-1129434|4:1130586-1131192
4	1129434	1134072	circular_RNA/48	0	+	1129434	1129434	0,0,0	9	54,165,159,204,204,105,258,489,198	0,131,590,948,1758,2054,2266,2650,4440	48	circRNA	CG11155	FBtr0089194	5,6,7,8,9,10,11,12,13	4:1128655-1129434|4:1134072-1134151
3L	24725823	24726292	circular_RNA/120	0	+	24725823	24725823	0,0,0	1	469	0	120	circRNA	scro	FBtr0113750	2	3L:24724430-24725823|3L:24726292-24728296
3L	24725823	24728508	circular_RNA/1	0	+	24725823	24725823	0,0,0	2	469,212	0,2473	1	circRNA	scro	FBtr0113750	2,3	3L:24724430-24725823|3L:24728508-24734035
3L	24728296	24734187	circular_RNA/40	0	+	24728296	24728296	0,0,0	2	212,152	0,5739	40	circRNA	scro	FBtr0113751	3,4	3L:24726292-24728296|3L:24734187-24740904
3L	24728296	24741000	circular_RNA/3	0	+	24728296	24728296	0,0,0	3	212,152,96	0,5739,12608	3	circRNA	scro	FBtr0113751	3,4,5	3L:24726292-24728296|3L:24741000-24748407
